TSP0010.txt
Nearest neighbour
0 4 1 9 6 3 8 5 2 7 
cost 2273595.01
Improved
0 4 1 9 6 3 8 5 2 7 
cost 2273595.01

TSP0040.txt
Nearest neighbour
0 22 23 24 26 9 3 27 1 21 7 30 5 33 17 38 31 28 25 20 39 18 16 4 14 35 6 34 11 2 15 13 8 12 19 29 10 36 37 32 
cost 5708268.57
Improved
0 22 23 19 12 8 13 2 15 11 34 6 35 14 4 16 18 39 20 25 28 31 38 17 33 5 30 7 21 1 27 3 9 26 24 29 10 36 32 37 
cost 5556803.60

TSP0070.txt
Nearest neighbour
0 27 3 58 7 59 29 63 68 12 28 32 37 47 33 51 14 15 55 16 49 31 23 13 5 57 48 30 10 40 62 45 52 64 39 4 8 2 65 60 17 54 1 9 43 56 18 44 50 69 22 19 20 26 24 21 61 46 6 67 34 35 11 66 53 42 25 38 36 41 
cost 7210241.96
Improved
0 27 3 58 7 59 29 63 68 12 28 48 10 30 32 37 47 14 51 33 15 55 16 49 31 23 13 5 57 40 62 45 52 64 39 4 8 2 65 60 17 54 1 9 43 56 18 44 50 69 20 19 22 26 24 35 34 6 46 61 67 21 11 66 53 42 25 38 36 41 
cost 6757195.92

TSP0100.txt
Nearest neighbour
0 68 83 18 97 84 43 47 19 35 32 33 99 87 2 23 63 7 44 46 90 69 9 14 64 98 60 40 6 49 54 71 57 65 70 4 82 25 62 16 92 73 21 75 85 77 28 45 17 86 36 38 80 93 67 10 11 34 89 8 72 74 50 55 27 1 5 13 58 81 29 76 41 15 48 51 39 31 61 3 37 12 78 79 66 22 94 56 26 53 24 42 88 20 30 95 52 59 91 96 
cost 9033257.84
Improved
0 83 68 42 24 53 26 56 94 22 66 79 12 37 78 3 61 45 28 77 85 75 21 73 89 34 11 10 93 67 80 38 36 86 17 31 39 51 48 15 76 41 81 29 58 13 5 1 27 55 50 74 72 8 99 87 2 23 7 63 44 46 90 69 9 14 64 98 60 6 40 49 71 54 57 65 70 4 25 82 62 92 16 33 32 19 35 47 43 84 97 18 88 20 30 95 52 59 91 96 
cost 8289056.94

TSP0130.txt
Nearest neighbour
0 11 67 60 100 97 9 106 37 5 109 85 15 80 73 3 89 31 65 82 102 8 93 79 96 49 75 17 50 92 115 64 84 127 52 26 23 71 25 45 107 63 87 20 47 70 56 2 81 113 62 119 112 32 6 24 123 78 35 44 121 58 99 43 1 66 129 76 59 74 4 110 16 101 48 94 28 40 19 42 126 108 117 10 104 128 21 72 36 41 118 12 86 83 18 54 116 13 88 91 69 29 68 57 27 30 22 114 38 61 95 7 103 51 111 55 39 98 53 33 120 124 122 105 125 34 14 77 46 90 
cost 9913773.81
Improved
0 60 11 67 5 37 106 9 97 100 109 85 15 80 73 3 20 87 63 107 47 70 45 26 23 71 25 52 127 84 64 115 92 50 17 75 49 96 79 93 8 102 82 65 31 89 56 2 81 113 62 119 114 61 38 22 30 27 57 68 29 69 91 88 116 13 54 18 83 86 21 104 128 118 12 72 36 41 10 117 42 108 126 19 40 28 94 48 101 16 110 4 74 59 76 129 66 1 24 123 78 35 44 121 58 99 43 6 32 112 95 7 103 51 111 55 39 98 53 33 120 124 122 105 125 34 14 77 46 90 
cost 8923204.24

TSP0160.txt
Nearest neighbour
0 20 158 132 40 122 73 130 151 68 1 69 90 12 63 57 62 39 113 106 150 127 82 111 80 50 26 46 114 156 147 89 21 118 5 100 136 135 81 36 116 15 137 18 145 38 125 126 107 64 32 35 41 91 44 66 94 108 22 138 10 98 86 139 17 141 37 120 55 27 79 9 59 123 96 2 70 146 88 23 95 60 28 101 75 104 13 6 117 155 51 31 133 105 14 58 67 76 78 54 19 103 143 52 24 77 65 85 153 149 140 131 134 119 110 71 84 45 11 92 142 25 93 42 48 148 157 72 61 115 87 29 74 16 47 8 129 83 33 154 99 128 124 112 152 43 121 4 3 53 7 56 159 97 102 34 49 30 109 144 
cost 11220317.19
Improved
0 20 10 98 86 139 141 17 158 132 40 73 122 130 151 68 1 69 90 12 63 57 62 39 113 106 150 127 82 111 80 50 26 46 145 18 137 15 81 116 36 38 125 126 107 64 32 135 35 41 136 100 5 114 156 147 89 21 118 91 44 66 94 108 22 138 37 120 55 27 79 9 59 123 96 2 70 146 88 23 95 28 60 101 75 104 13 6 117 155 51 31 133 105 14 58 78 67 76 54 19 103 143 52 24 77 65 153 85 84 71 110 119 131 134 140 149 45 11 92 142 25 93 42 48 148 157 72 115 61 87 29 74 16 8 47 129 83 154 99 33 128 124 112 152 43 121 4 3 53 7 56 159 97 102 34 49 30 109 144 
cost 10109636.51

TSP0190.txt
Nearest neighbour
0 127 58 69 165 39 164 5 169 116 80 179 42 175 59 23 67 16 185 151 187 85 76 53 186 74 17 49 33 156 181 177 94 50 123 111 87 121 158 182 97 149 38 19 178 3 30 147 115 91 55 96 152 108 188 101 138 32 82 154 145 114 95 12 109 146 48 130 104 110 37 159 125 60 47 44 166 81 65 150 71 126 25 7 117 153 141 132 167 92 184 26 155 140 45 89 183 160 84 72 172 10 61 137 90 75 142 13 161 22 43 62 34 173 135 83 52 118 189 119 129 100 134 1 21 73 2 78 8 68 157 131 9 86 40 133 170 112 77 57 139 143 99 18 102 168 98 31 180 128 122 11 105 88 106 6 163 51 176 171 120 4 36 70 93 56 174 63 54 148 27 66 79 15 28 64 113 41 35 136 124 29 103 20 107 14 46 24 162 144 
cost 12650466.38
Improved
0 127 58 69 165 105 11 122 128 180 31 98 168 102 18 99 143 139 57 77 112 170 133 40 86 136 35 113 41 124 29 103 20 107 14 15 28 64 79 66 27 148 54 63 174 56 93 70 36 4 120 171 176 51 163 6 106 88 164 5 169 116 80 179 42 187 151 85 76 53 186 74 17 49 185 16 67 23 59 175 33 156 181 50 94 177 65 81 166 44 47 125 60 159 37 110 104 130 48 146 109 12 95 114 145 154 82 134 1 43 62 34 173 135 83 52 118 119 189 129 188 101 138 32 100 108 152 96 55 115 91 147 30 3 178 19 38 149 97 182 158 121 87 111 123 150 71 126 25 7 117 153 141 132 167 92 184 26 155 140 45 89 183 160 84 72 172 10 61 137 90 73 21 22 161 13 142 75 2 78 8 68 157 131 9 39 46 24 162 144 
cost 11253129.50

TSP0220.txt
Nearest neighbour
0 1 115 99 25 176 40 129 146 12 201 117 19 217 52 91 194 161 196 41 141 213 83 90 139 105 27 215 163 216 24 96 76 167 211 178 119 57 103 127 101 112 45 59 72 212 104 126 175 148 151 98 73 206 42 122 61 153 159 84 210 207 162 18 110 107 44 32 43 144 113 157 46 209 169 199 218 138 11 31 125 145 172 92 67 69 160 200 150 183 70 197 177 143 123 56 35 106 93 97 14 164 39 50 36 64 34 166 33 22 38 170 62 13 114 219 195 100 190 87 135 131 203 37 168 121 60 78 182 109 51 21 82 198 208 89 120 85 184 6 80 10 189 128 2 179 8 108 75 71 133 29 214 54 204 7 158 9 134 116 5 186 77 28 55 58 137 192 155 102 132 53 16 165 65 17 30 140 49 142 152 185 147 23 47 88 48 4 68 149 118 95 205 173 156 124 94 81 130 174 66 20 187 136 191 26 171 15 63 188 79 181 202 180 193 86 3 74 111 154 
cost 13887975.42
Improved
0 1 115 25 99 40 176 129 146 12 201 117 19 217 52 91 194 161 196 178 213 141 41 211 167 83 90 105 139 27 215 163 216 24 96 76 172 92 67 69 160 200 170 62 38 22 33 166 34 64 36 50 39 164 14 97 93 106 35 56 123 143 177 13 150 183 70 197 114 219 195 190 100 5 186 77 28 55 58 87 135 131 203 182 78 60 121 168 37 132 53 16 102 155 192 137 116 134 9 158 7 181 79 188 63 15 171 26 191 136 187 20 66 174 130 81 94 124 156 120 89 208 198 21 82 109 51 165 65 17 140 30 49 142 152 185 147 23 47 88 48 4 68 118 95 149 173 205 85 184 6 80 10 189 214 29 133 71 75 8 108 128 2 179 43 144 32 44 107 210 207 162 18 110 84 159 153 122 61 42 206 73 98 151 148 175 126 104 212 72 59 101 127 103 145 57 119 112 45 125 31 11 138 218 199 169 209 46 157 113 54 204 193 180 202 3 86 74 111 154 
cost 11770377.04

TSP0250.txt
Nearest neighbour
0 46 203 167 64 158 185 156 245 30 175 224 210 136 208 211 223 37 186 141 190 161 201 103 10 99 171 79 133 193 98 230 95 138 195 122 3 147 36 75 144 89 125 188 85 52 135 100 69 77 212 181 105 102 54 126 179 249 18 143 187 41 206 170 182 21 63 145 12 218 11 5 217 39 204 163 78 80 83 215 24 116 44 152 246 117 96 178 93 198 2 184 29 27 227 214 112 113 153 111 172 107 86 92 101 205 197 241 17 189 159 73 124 76 74 154 222 123 248 106 82 35 148 127 220 94 238 109 19 120 240 42 139 132 32 6 121 243 236 81 234 40 31 128 131 199 213 207 25 91 194 226 84 51 239 142 130 247 209 219 157 8 90 14 149 88 216 164 168 62 57 56 70 61 151 68 65 1 174 231 33 169 13 137 114 129 47 55 43 155 166 58 202 177 229 196 237 134 50 97 191 67 242 34 165 4 28 15 162 20 9 140 108 221 45 235 16 115 7 119 233 176 150 192 146 48 180 173 118 160 244 110 59 53 38 228 26 200 22 104 183 87 71 225 49 72 23 60 66 232 
cost 14187784.56
Improved
0 46 203 167 64 158 185 156 245 30 210 224 175 136 208 211 223 37 186 141 190 161 201 103 10 99 171 79 133 193 98 145 63 21 144 75 36 147 3 122 195 138 95 230 12 218 11 5 97 217 39 204 163 215 83 80 78 50 134 237 196 229 177 202 126 179 249 18 143 187 41 206 170 125 89 182 188 85 52 135 69 100 77 212 181 105 102 54 146 48 180 173 192 150 176 233 119 7 115 16 235 45 86 107 153 111 172 113 112 214 227 27 29 184 2 198 93 117 246 44 152 116 24 191 67 242 34 165 4 96 178 28 15 162 20 9 108 140 221 92 101 205 197 241 17 189 220 148 127 35 82 106 123 248 222 154 74 76 124 73 159 94 238 109 19 120 240 42 139 132 32 6 121 243 236 81 234 131 128 31 40 199 213 207 25 91 194 226 84 51 142 239 130 247 209 219 157 8 90 14 149 88 216 70 61 56 164 168 62 57 151 68 169 33 231 174 1 65 43 114 129 55 47 137 13 155 166 58 38 53 59 228 26 200 22 104 183 87 71 225 49 72 23 60 66 110 244 160 118 232 
cost 12414405.28

TSP0280.txt
Nearest neighbour
0 44 201 230 16 246 157 184 145 216 244 153 213 29 236 104 222 212 214 237 155 39 239 61 33 136 154 40 219 46 25 258 127 198 43 24 84 217 111 91 53 99 135 277 191 118 146 186 138 137 203 264 183 143 18 270 55 57 147 41 275 108 271 11 235 68 260 74 229 17 56 247 30 65 232 250 9 265 197 79 81 159 151 133 199 132 3 80 205 92 165 253 170 114 227 19 134 226 209 276 161 234 207 182 168 218 241 140 83 112 131 255 82 256 21 251 156 14 204 175 34 188 72 13 263 166 106 120 240 211 160 90 110 70 187 126 98 37 58 174 122 208 15 62 142 177 115 32 210 252 7 119 193 48 123 22 20 224 272 78 5 215 158 242 60 268 28 167 266 64 261 179 176 233 49 172 248 96 67 231 225 88 274 100 130 26 59 192 257 77 63 243 249 169 95 202 103 10 228 267 85 200 45 73 189 150 31 6 47 254 87 1 42 279 190 89 51 71 173 245 12 35 86 185 152 278 149 171 144 180 223 178 109 206 259 124 8 262 121 148 23 113 238 4 221 75 69 107 220 97 76 94 125 66 2 27 36 117 101 128 38 162 52 105 129 54 269 139 181 163 50 93 195 116 273 196 194 102 164 141 
cost 15663764.00
Improved
0 44 201 230 16 246 157 184 145 216 244 153 213 29 236 104 222 212 206 109 178 223 86 185 152 278 149 171 144 180 35 12 245 71 173 51 190 279 89 42 1 6 47 254 87 88 100 274 150 31 225 231 77 257 192 59 26 130 189 73 45 200 85 267 228 10 103 202 95 169 249 243 63 218 255 112 131 83 140 241 14 156 251 21 256 82 204 175 34 188 72 13 263 166 106 240 120 211 160 90 110 70 126 187 98 37 58 122 208 15 62 142 174 193 119 7 32 210 252 177 115 161 276 209 19 134 226 227 114 94 76 97 170 253 92 165 132 199 3 80 205 133 151 159 81 9 265 250 232 65 30 247 56 17 229 74 84 43 24 111 217 197 79 91 53 99 135 277 191 118 146 186 138 137 203 183 264 143 57 41 147 275 108 271 235 11 68 260 198 127 258 25 46 219 40 154 136 33 61 239 39 155 237 214 259 55 270 18 124 8 262 121 148 23 113 4 238 221 69 75 107 220 125 66 2 27 36 117 101 128 38 162 52 105 129 48 123 22 20 224 272 78 5 215 158 242 60 268 28 167 266 64 261 179 176 233 182 168 49 67 248 96 172 207 234 269 54 181 139 163 50 93 195 116 273 196 194 102 164 141 
cost 13935066.89

