110706.68855813182 494038.94487542077
759502.8459680387 407129.61377030186
574480.2036356251 568298.923745812
109953.66277334029 569088.5009291811
507593.3167309408 698769.0001192408
659704.5791505117 753487.6314064689
385757.9328805734 44203.187270308365
96704.37442408309 673033.3339431711
490814.3531938915 652891.3244445447
945651.4199618311 196553.03804742463
546761.382971279 913808.4276171246
113717.01093694808 182137.9423430649
273241.2196805226 996449.9109102982
724195.3993343858 687794.4302377519
944155.224642385 861373.4571664294
872646.0810587344 780470.9678844608
843382.9761187081 560602.5658978499
547611.8781421152 492673.0856263068
703079.2473341248 102459.05640446684
527137.8543336347 372625.9369518837
487586.9076205598 290271.60528445325
180076.5569843691 48013.25381199051
519413.809729515 399524.2809408405
785472.8502348574 730815.6813658761
357831.91659976053 298583.9155877377
258289.27055816486 366267.7059795727
405537.46629154787 343285.0988023267
99285.17900599443 558144.8506657591
305598.2438169911 849657.1009408745
54953.438037987136 844035.9032959945
599836.0944410644 937271.9931197608
839112.9368121116 664082.0671598626
775624.0452123918 964922.4216146291
983425.8109101552 818005.8803290544
315109.8186553096 73885.24983052314
259206.48005904845 155746.00693620587
250052.53438522268 513708.99165544694
820926.2741235036 912693.5401312901
335794.2498334271 421403.3421197112
554586.4998147438 718442.1646347819
564553.1190723627 879040.0267841317
213384.88208583184 562796.2963481651
151385.54419459804 355417.37581437884
995381.4635283272 130562.69131634779
658608.3450634247 22471.361492543583
510825.5824625003 829633.4861837492
408404.61187431373 49239.03165694665
886661.868938386 974601.0825981738
531967.8258946099 972673.6519197796
849540.3448242702 652056.5445372367
571280.831176702 67462.80729462339
974807.6635038387 856192.0004103315
462965.9484468699 819331.7108496572
84426.6399386776 328225.16770214605
679583.4564464802 438098.6075422114
996625.5398137679 527317.3625478654
834426.6503348639 55447.929702576504
679789.0376996108 862998.9552384496
56160.245881241135 615704.1549041027
91172.20917463675 760426.9862567792
526124.7626619799 517015.014275248
416295.13104269153 20420.85007416383
561339.7289941352 841497.8523992854
63955.654698335195 909751.3751583872
473258.3950921135 776635.7429033283
573117.5855005722 560332.2254286121
79147.86342576174 202287.24910588958
301100.72438136704 15356.573027429098
188201.47766130723 968994.5694309601
611157.913199077 215327.26934021973
