187628.1553455209 820262.8238820164
967910.003627456 252749.44356815453
278524.09929755685 318619.85769581544
790274.6018702248 176896.4555187359
561135.3236329119 330852.52545178076
854974.8494243921 473797.6976182812
417843.3181271607 223041.74628392194
910638.4537944065 346585.6217122656
305533.5280517975 436543.1365109832
414794.6983663776 49446.9920686027
103500.44279196458 749418.7848961862
270830.9388208151 192737.2741752098
270869.605107509 540051.3998845264
292716.218291862 383677.89963786537
570547.4606089274 292948.08505110134
248904.86531896738 320923.3993604019
675015.3149503974 449106.0436368153
912099.0478678419 921900.2758648661
533417.2631016407 523974.85285601276
207696.76878682952 639947.7214336883
551455.535150916 751437.9588426376
952539.2781024973 350096.75279819063
225110.1713272081 804449.4719719966
345872.2066073149 789881.1889003125
117983.09004170027 463928.4805260886
585537.2277649048 799785.2070339086
49020.93239986527 144253.59155406637
899709.3666583942 50947.54910230193
667662.0438705782 740444.9188307511
99345.05550145035 631676.0095612648
864144.5990077471 366312.9143986851
701408.8753636039 674796.1683493247
3687.5239855701516 978003.9713261
887178.0026486514 797156.5724625423
350384.22131938016 207390.96818502757
558994.4830921097 283471.1736719948
20477.231936045893 807117.8201176882
31775.18390938894 951661.5804220377
813362.3289626229 995198.2120212192
470082.9506760524 627137.8376594514
