141103.48648094083 986246.5891028399
993245.7814182021 376642.28865049785
889444.9755239037 774651.0713520981
170093.87726038462 82589.59310079705
464221.1308787235 606146.274017193
865324.4608541784 256968.43320388006
622635.4409483898 795523.2739633607
999984.744147866 829111.3150497079
851093.5795286824 580555.0016224353
698704.144413676 917162.1165630199
738833.1294955587 307828.8648128497
750012.574350404 297819.55886979064
56287.216381506354 132601.63686086034
883128.3611725072 230016.56497379552
671537.4536179017 954205.2317210847
704696.7894144633 152614.8472460641
337524.96835390024 490881.11650970014
415273.0440477923 95880.82329941772
214043.97183383582 779651.5064441471
209356.8444680366 548759.8551966805
159326.34679455415 854046.0247471513
358341.0378200831 361561.53788433585
3098.982913405712 511913.04660345026
970203.0269671477 799350.6178489241
68334.77067128068 889779.4195192594
431862.39006412943 691810.06561342
7739.843681636049 796129.1203509782
900805.9436924894 493259.0792839694
378437.1006265973 231749.1323895704
903898.5770612769 17895.75748770733
229707.7178855812 890342.3691011944
515954.5607081373 21794.23687891413
263451.2028498025 503737.34206668433
294743.56443864235 510806.5795389979
771823.5574684305 399983.6905033307
181596.92743698065 529730.7159577941
470023.8920552061 188764.26763683496
49281.13663186018 92553.06758924175
543847.7457822615 293101.1697818937
581050.8498216467 81658.17752206895
592617.9177178905 732681.2081856676
778282.1837269254 166977.30137265899
94950.5655574504 883656.7734181621
195925.22633880438 688839.3934623468
941375.7580341124 917296.6862112555
354741.045146167 137274.016308792
837989.0572638108 997244.792896897
156049.53032109604 705321.1764692134
671654.2310240228 150458.5018863207
633541.3195267124 668679.85043547
953120.9655554756 632108.9163313993
582730.2539493978 110199.2168259427
322389.8354575639 855764.0547262224
69672.78545341372 850132.264345762
606896.549613753 573958.8904882465
990155.2053377174 616655.0052654181
17610.712322267187 690988.5271302508
548439.7696172768 533523.1092829754
960363.5828009228 152484.919793592
352113.91520465194 847943.6348023125
503050.1620148592 764437.2375077197
202823.3373437175 114887.97839205312
388254.60613242956 552064.5023912644
967403.722142201 834754.7045053942
528944.6204392271 997506.5356479039
544310.1888273571 616375.6366700125
27154.773597772964 496009.479250718
707863.6916069374 293776.74503667216
128133.83770634457 951755.957408791
714160.2094613505 894661.3738956683
524679.801766777 633249.7771166274
631334.2885967623 556122.8877030313
859454.1764299722 676464.7210127474
377679.42210036685 400885.34260331263
957625.8192087389 701028.5725081733
282819.9718892347 316429.272811384
750824.5331652509 128884.4262604214
352442.5132044826 235133.20503568603
28611.161061478986 10856.323126399726
8196.764955076818 427820.7287750507
686741.0029826758 314064.8486962212
876480.6471713 55311.47860492758
389881.11341787246 654611.1235561811
101516.00374362135 990173.4371785522
207355.51369607676 693488.6647013241
312177.29470493813 231147.77021046894
469463.4865111416 153729.41322855148
755948.6978137542 801005.1782542642
115105.14564873575 839569.881501592
678456.4049206614 437497.01240047923
809552.8193296504 933456.8767502361
321482.5824045472 974131.896332356
361163.72702950495 470963.1810289503
713102.3588879135 314315.2942087692
2895.5026725484554 689207.3835990244
291640.2545576191 876328.2777332057
220117.0049549157 979003.5101158373
278573.01875185524 724821.8168009125
502204.0392237167 800758.2904385828
749926.9856791002 697660.9340765517
