553420.4740436075 504013.7412998222
265864.2691984765 879420.3631464478
391811.4337122038 119830.85473295952
421501.17699400045 894835.0697081942
524458.2645762977 910114.8686611905
31057.762622855535 183336.1082103815
444110.88912653027 285570.1799563403
514454.3315263196 769043.8735372016
982155.8694215937 884424.0721194375
323370.38088732364 226628.71027445642
592666.1398229322 442079.5951188001
805980.6249776144 340565.1720236067
188690.88013593626 985498.9975787107
441833.05385901936 256908.57588725234
729427.1233657468 15370.107018392588
80769.35583556021 780308.6443117361
967526.2606980645 780181.8669609603
379431.6154284963 431899.75267006643
96998.65376433625 715328.6458026504
844478.1662851559 119940.80722570389
512259.13555373036 501191.62570346333
186531.21047991773 166990.1033803579
286720.7762081885 398098.5390942455
458450.1644440039 55061.397833185976
680797.1225986176 305536.6575090014
769519.8950283638 414003.696445575
232975.38456676292 484917.9382649084
308036.40590956795 274677.78137136955
534915.6941167271 94210.01051097488
932017.2813257267 745960.5002916352
689630.2562961418 486677.1229941972
673484.2824371972 182533.95309018172
93257.07280172202 416454.0805702128
734368.1299387368 972650.7105765486
617003.8805541766 587752.5393089015
39685.65662304402 366573.8753665603
17734.97785838285 700539.6708904805
374402.4355120221 393245.599270442
76840.10812271791 670939.5864020569
235309.4460710169 732145.4713387232
488405.5083502575 613317.6170248406
30655.13611032833 351177.8732059961
826434.18772907 481860.96991340135
568716.2103215026 932325.5079774115
135294.30130559782 324444.021199032
863629.6266885687 342760.4193793985
185825.8450642568 567136.820586471
990444.8450846135 950963.332524638
841394.5520967764 510358.7601159413
639184.7501582045 577574.1886587677
253243.999826538 479963.7540383521
620425.2560311866 240026.99441162855
702326.186584982 229471.32249755974
429358.32396017323 865002.5346309517
859161.185617657 89719.72229096892
370467.0277002151 334977.25884589826
522948.81037047104 664599.3167614507
134986.11452577557 903494.0681277551
788163.0231556428 69576.29658547726
337559.1303012899 197212.52691916446
559370.2512934349 114108.9921101618
826410.023528247 787555.128339531
165662.57038696864 826971.3172322285
138198.5413519672 949322.5237550855
85407.66713875659 498848.29163322033
812810.1241016003 276074.2181974235
137130.32501236978 364740.90942100855
908259.0615353327 17275.769169661336
367028.27826058195 771730.6448326246
262373.07074482273 925075.246774616
373169.52435179864 104186.82128248813
940289.640816629 376598.0368533057
697123.1504487669 648703.6375483307
456150.83679225453 665915.3179158715
929474.8670640956 750655.3557829148
469344.6152705518 197845.60710754452
896005.2287028034 34631.41816004156
732231.9852908675 279470.48663990427
870846.2928016437 40434.95824633136
322046.23967467906 239535.8560008205
307127.21835850464 528640.1931890197
16257.946542283851 948890.6133200687
357787.31520820817 620985.7030018449
832506.5769394033 937298.1659424732
940885.5784349362 352485.6622489717
996785.5873464469 254280.8094670308
467831.05601722666 379923.16723011766
925687.9518215932 668393.9010737378
436973.2579626702 35656.76221116165
183028.57058190924 95130.55021937966
209998.91448975127 928297.8519758997
98289.24136269346 306572.6080766492
807895.8267853998 371787.84915202565
800656.7890693278 431785.4255216905
200084.34912237004 417900.81139878
593410.1730958387 4608.2952471455665
382273.8077487552 163094.5975527156
540334.9926360287 624945.0587387229
538220.1900046018 434359.0031685578
755843.1800315314 920974.686108096
19443.210791429967 235919.43396255665
497130.4150904865 142902.12518933765
576867.1215470119 612486.6897036529
772705.6560581325 163627.29838531255
446967.7517484878 238909.73773430524
706220.0732888813 38696.721787226496
284891.5760997819 687318.3556516975
81845.75449691167 517702.4074895258
212933.33849075934 406285.09770473
640705.6082743234 495390.1281954655
928625.9765336156 385735.6747015037
313853.824592458 577049.8080696345
621478.5124771696 991551.8064803979
232371.2081302135 700155.208825312
56481.91204360486 42270.246936635944
810408.6207328391 730773.2210378348
5485.3440423259235 772559.1070564319
474693.99276222225 288192.7684032148
161266.499783713 161770.7734191427
986989.1264181987 485511.2149682236
369129.75791235256 343038.27606751304
569040.412132367 927417.0728505249
436245.9781732834 659155.7668606774
332238.7608370976 163581.03464686434
687081.6705468907 910380.5236294401
45114.875134043665 657908.8535020119
36922.31243708699 603637.8405112423
365930.4551071392 676032.8015874013
720335.5154482335 900705.3244154326
899367.2160217864 878787.4710370054
437351.7186340565 712726.0172724576
988817.7071625362 523832.3720609673
450898.20810302475 589115.5469013341
688000.984654866 91043.12694095273
988560.1171175181 523394.8720108927
1473.6639130142892 441694.8777038817
4444.054135614661 279500.6452617972
98061.07932280439 740905.3323593452
324021.14316681173 421403.45225820894
409611.7919050639 390194.43411850696
951181.9422166677 499511.1735438894
391535.5456010683 420366.515310281
733689.3507510937 372677.6234995443
751126.515375558 212844.9650632619
562582.5843506221 523663.3679152828
121900.13137955757 657790.8656167791
393064.2228725599 52148.71617649863
200396.29556807992 31688.245061969767
686965.7943609931 619943.0042303471
925098.8884808494 518839.1267884905
347518.61979478505 685260.4590007626
407433.03643719497 755495.989412995
524014.86885642423 993167.8850708281
952494.1376659132 254663.82407375122
767236.2620593974 915424.480751968
560817.0813575638 248987.35147089657
140595.55730968443 9643.148727117246
685082.2729106317 626485.0911486684
406844.14712368266 543371.4027123514
532103.1116167309 631514.268172557
