678614.6919755114 602756.6559372917
938716.4815470456 25714.96847163479
968479.1491320622 399879.1772691489
330386.52922576095 328179.1410786359
552390.0969643077 935524.6642203465
252218.2806147394 657290.6205447209
321624.17587713053 788152.7844837231
289273.4394364537 563823.927660914
983245.8837489153 488076.3859121231
834651.9710598605 560147.1064342438
819601.7135738588 292036.16696060455
461783.05850931 616830.8980192075
579921.195237938 3584.4454433430205
976821.997897582 234212.87419644877
998071.1688768927 988818.5192977727
872460.5447536802 964177.5808798986
34068.50344281786 873378.224134897
201514.9918971768 962613.067784444
602585.7447821122 765871.4550457615
327990.4909604134 214746.8725945998
947277.3613873597 805915.0908913873
862501.5010239927 271355.5558215532
945666.3659995926 207243.51341593362
44447.040108145375 765430.8784799947
760576.0460852226 606713.6425882988
226417.10043870233 517247.2487817511
613529.5669389827 504480.97057423566
782215.899556216 967650.1422465638
888387.0454111901 929886.9294981186
993784.2942891733 738300.3103083445
355667.2038376693 343260.64847822324
527087.0614956653 681807.7133888502
723592.033675212 130286.90971784196
54214.56816045822 386613.7770105356
830114.3075008744 113722.56865805441
881899.3826900966 745859.1748047539
564215.9363399834 934578.2668019558
262273.8219468774 9409.720447722924
303256.45879723784 238681.0110005495
779801.8513567453 508212.74891962
782601.8761377346 646340.3975605655
888509.8198914591 783636.029323779
84251.27442559332 711749.0672953834
955336.7028890043 157997.5432952604
19818.59358232352 82616.67394662453
757971.100028014 448211.218916468
767066.0367158953 603581.9827093945
85638.25867036922 62877.92313827234
499604.3256993691 70354.89196620414
143646.29225775495 940070.3729863073
95516.47391531015 323673.2388196385
344674.68247122323 906433.4651785088
783528.2444583515 235937.33386412152
185010.79392175778 866893.9344146992
561040.4663319228 840594.4275436575
490864.4262073663 291352.73338356905
661107.7090682086 998744.8060684331
742564.5898293807 794794.9366753068
647791.6562503825 594219.5125461897
46140.16060925452 753070.1694221222
282007.71772877633 165478.28463647407
855179.6511683727 304655.3952018914
902021.7966979269 125022.86453525114
612142.805911101 898191.7764735195
888392.4918914352 899299.6339974512
13343.83413432494 275765.4360596207
792150.8525647545 982490.4129468343
25948.567728081074 815279.6281412191
963828.5112539233 563406.6437364412
619913.1225427996 616699.2460211264
568553.39321514 992294.8636702059
217015.90911889635 466952.8886178197
823607.1523636489 363391.288260273
868663.4604102228 278906.85083469545
204133.7867421875 928233.2275821042
928920.7704940212 318760.67318195855
225508.89553424536 835834.1301161966
736419.2492064232 750298.1324242516
970837.7462835361 462233.9149631339
828794.6250432814 930023.7474335391
213521.61637744328 599164.6724218467
56674.06911789552 257171.73957333504
737028.3678515623 41313.69408392049
830468.6475694834 219805.7502709301
806367.2182481702 385854.65244816366
202496.35230258422 814887.0497613599
815140.6103575845 626218.2073328678
130567.82860217465 239476.4030337423
375511.58106960356 678532.3560763205
788075.0068262718 401332.01730310207
887360.144875038 330451.5584697938
412778.23499102215 242933.26585059328
553459.5466665768 477775.5132911361
643380.3464927889 992286.2633818787
62528.24622472208 312272.030357746
568024.6244069152 38183.855705997914
485631.5984919374 343724.64423019957
247417.39693354248 259906.23567151782
523273.32795691525 710213.100170036
635938.6446977685 823539.6220152428
568849.5569617607 183633.55212714794
672049.0299565041 196364.79240949056
543814.8720163151 768593.6460957619
961322.4835413037 791851.6454468025
323120.12334048655 75849.54512114628
464747.8234315963 604089.7218302084
368592.1037849148 716571.3161224438
967383.7155090211 822521.6377286373
570080.5776610288 259784.49041186992
511931.065660141 30570.25815118708
300639.86623752024 16352.898319754617
137557.31088759127 284515.7634622014
782642.8552845003 737210.4568129596
813237.342731191 843022.7896210375
613244.3885772809 88890.47900242597
444503.5130630337 270956.8153786103
209375.97927179985 651635.652166031
311096.6574969073 531202.507211766
723384.6809275262 249323.47950721002
656891.1129336837 373824.75927475037
506330.6263458226 927905.76661821
190290.67060966365 221266.8052620981
473634.5362831093 679892.0818017516
142815.3767722926 304138.84634215507
988390.3516635314 654269.4689485072
226470.49147829378 108247.1433954999
247365.74906992624 494878.3017639803
667287.7503800365 586526.7949984027
515095.01856883534 682622.6949820891
608241.3121305348 377993.25784178916
463592.90097924846 15323.297096772048
907391.2300756191 513908.2889339176
497495.4349336561 542510.2729849293
778788.6108263322 675618.3581159544
826776.3636392799 46489.888703667995
845512.3740545927 197763.2226046948
867015.5945954454 677542.2050301136
860289.8008672242 313890.0624154235
690442.6815694587 177261.7889009327
732030.058589204 798558.3674593099
706350.8911017712 453963.0149260106
482192.5340542893 524556.6545321273
944666.4480156162 279197.43625865167
684351.1388170153 815857.6339892886
708306.8529603694 623296.2163046795
624594.8423142626 48775.952057782844
499634.07073248824 36771.666054300826
415793.47480479325 278813.4751626231
731295.4067142071 891180.4055942092
278254.80803119065 222903.28934215798
179322.13970448752 375501.11286735465
140029.77829939124 822597.2854995563
553002.6634197806 320805.7591173491
372549.78329163545 463834.18389256945
666051.7125923899 26091.130695574226
654135.7053637824 464325.0352434952
39491.42501281666 369157.52747060126
927431.5422332095 584669.785563573
196938.93497754776 211564.37719628395
228708.73824876925 18679.079799144405
812667.2993261447 388407.64925460913
981288.0919967145 219920.4473826466
758703.576309935 603807.1576813472
340970.6692503087 876932.3028577071
347923.2954814626 629681.6673890799
597869.2255388752 660265.9503280743
44176.80585394468 150620.8672760133
505330.2018463782 506568.06325284665
518044.28063346795 765852.1932317633
233081.03723720065 685477.6988412181
798730.0661693603 685345.1278586164
416013.40744709445 826559.9743495468
816507.0622728061 330137.48948102153
817689.8096032327 155801.1782803731
629307.406797643 901496.2369245051
53197.30089843233 676392.1584574447
349919.12542578107 952285.4178491766
46109.954402870135 314332.28018940374
331242.84027406404 258828.30951955516
124551.58327285964 656470.6716893894
527712.9858881526 676423.2388695717
14729.569307663782 351000.2698642761
213011.03077937657 240415.5478872517
807483.2073239433 403898.5587057746
582152.6357604979 450578.88961412065
88836.93543985394 878322.9561729027
207486.08555603342 908265.8270621819
102882.9507318545 797190.2481574377
611783.3304901086 266923.5706147745
651494.3344307705 368100.5795839959
