193716.0380291747 317523.20234031527
304618.4457340333 975386.5168936683
346433.71356368845 311344.5115368714
453754.30007366015 85635.60272576664
679973.7527803787 992337.9994125972
30523.231133839257 97453.43469483791
174331.09377198052 775338.1367595166
349647.46438332374 685289.4129738011
493525.8748497029 392994.21917075315
152744.07312106751 97406.93049739546
867684.4421293279 757403.9792892768
120908.13004504464 227977.55713263003
935300.3961923915 919412.0196686416
792574.5400827457 342316.2277913128
57220.356385676685 388947.40167166706
280359.1519802673 89511.21047446808
729124.872950792 924129.6117517882
671785.9556458032 388058.5878884888
884297.6624651884 362154.9555481145
728815.3733984531 659056.8054434629
544160.3788233066 111824.34246357087
952508.786081615 741879.8274891194
525306.8246971532 808400.2690251343
877560.3252748047 116745.81241898096
181950.6610641506 847848.1591144181
941558.9027281245 184256.13465104363
836312.1454511794 154297.4339297354
565247.2291721374 753877.9629234509
705714.8597072803 739265.1874312642
699673.2435123341 552004.3630766454
555975.6200025575 787466.6435932554
520150.4097123585 237596.7557452996
269764.8784536394 769962.2783348582
63167.78464532558 579310.9743816045
10741.981074345653 409112.61468354554
93910.74727445669 886867.9401302737
870338.9312468097 833488.6923580861
87360.26693202104 47761.47956992705
426676.8361049452 769548.8825999822
215491.38040730398 493909.4519960504
759944.0650819255 731739.0323369027
809665.0569667962 802010.7942139718
849185.9928917245 665040.810878461
53913.103951163 686949.7890740992
148765.28099726216 950784.3443820016
743160.2478363676 157268.2692759787
143012.11964587378 436993.79580702604
700901.3262398838 38166.77257889944
675834.6299756935 817311.3848238135
583782.8320279681 469197.9600855388
671274.9463401004 368257.2808704255
312125.9515729017 587075.0895162495
815029.3162666914 199785.82729822604
131323.3152456086 562341.6313719016
866791.7507576314 303649.2676860386
224231.6967066096 525100.5303872165
371603.86504114664 288112.24501510477
595781.3978191796 667668.4594680223
9112.855560669876 985687.0152775667
624429.2987406795 965881.0116789944
73715.27672158206 266032.03886545403
388049.99432325014 769224.751807761
471414.9661354764 573268.2883094887
656512.4349736823 117080.8064518084
702591.2735583776 219075.98181966704
582631.4815489126 251308.20241612374
437908.0097309441 971534.3041894992
97604.76635833681 211355.63748746543
644091.1139785277 621300.8901830716
728618.7025001537 504639.6712612028
718068.4774542114 68934.43416086165
952295.610175319 168469.146777782
901233.8093263428 832359.6635913324
453488.9126438578 19059.576734225204
672965.5468016884 980974.9772166939
654169.7777740194 432798.1392828341
603605.8619375024 945739.0443433032
135756.3489772927 438453.62519552786
107896.28962298848 850707.621303207
493570.8246871955 475397.2071295869
295526.36969797086 31871.18270516931
312446.2161187437 299348.26325891097
527641.1042688227 325705.3246068314
961744.4627314596 382778.42843611573
735816.7607194736 213423.9305196828
256858.28049135572 127588.88430578297
988037.6765300328 468722.9396992854
581491.4022617766 124079.17977395833
776971.7144208559 391438.513720165
447968.42853518005 179493.30085272386
181533.49340405056 361109.2762455299
821013.4475442562 458693.0525016354
674356.8189021252 227325.77100929507
505005.5609094597 413923.238320111
678139.6365777444 811860.3214163085
348069.0521603713 694296.9652697123
575095.7787475283 476241.485298021
164157.62869150884 112816.09627023537
166092.51758243793 569262.6376601105
6592.60092951941 872377.2885406454
137115.85015880046 143468.92186713434
669982.5385502382 934310.2935751996
495850.097235898 319023.60844238545
341901.76097081124 635780.9838012313
912918.4440680639 773583.035936428
63652.380563660074 540462.1543443814
142153.25828808933 16828.810713431118
662893.9232926617 127029.19525792355
858054.8729204204 599092.735561989
213685.80595479868 160573.1581876859
727076.2501750749 981755.5974548591
275832.2082105219 559139.026272163
274879.204052917 753661.994544431
350006.37225015915 424506.54027172306
434982.7068155527 757012.8007111616
700067.0057402485 214197.5443042944
808418.7908915611 360387.82494747976
899533.9167735785 729132.6858084153
960132.3835457613 878485.4019314349
487305.1103332202 695676.4727353861
59194.58844289116 577314.741154434
45771.19788180251 992920.2012497571
35382.02099333465 554140.53020461
118801.38414059472 823309.4874598937
57613.89696054531 569941.7915145489
29435.428389346096 435149.3606465332
843210.0709089426 606636.4800496686
779511.3304334052 182625.86038392092
943383.0631286349 788585.646413507
539884.8108617004 938634.2237594748
