388576.35015079885 581097.4274426842
29082.1991894179 797960.234682105
805228.0623076787 330013.8956147322
941696.9543436413 564524.6237099797
757035.1931463007 490312.5971261596
653505.5916636334 182663.6010608834
137990.71339869863 697350.0160941588
747227.2813738476 139949.95075530748
553730.0880303134 580709.6941814059
968122.9173742745 799689.9619368921
115343.82793733777 371929.30248926923
665772.7296278141 833608.7544151298
185414.83702257866 878836.0750613685
268627.23758359655 118466.18875976722
74855.61157368904 94396.37456670836
640843.5267014155 18002.601784292583
252504.12598409256 640835.778718013
819863.4758422392 978733.1648996804
546855.4852966074 656788.4918842627
978893.0319851438 42105.95465285227
778603.5381708746 212093.91015230538
57341.95605796988 27593.966035181606
778568.4210738057 265373.3462965622
607633.4268493495 465345.99492801045
766693.1264887584 752939.8516450584
617440.4399741828 957880.1846576695
130472.3336934579 530039.2241913144
803883.7987817074 340852.7996678241
526401.3773059461 212296.17116207778
298744.3121986577 697353.3492293173
964731.6603847224 901416.5700268669
117102.57041580352 590118.6987097684
827876.7798868302 153865.96049738434
451332.2400982267 998414.6794076123
167973.39899183062 116697.41620720165
197990.3656586428 912976.6959328771
816668.2991003308 372651.8971363236
564592.8887335173 134534.48566483383
695028.9174847185 388759.5150009541
453616.8341894071 815853.948678785
527960.7909194115 940045.139249749
564625.147157261 726546.4038217298
94374.73411605624 921054.4358687171
763434.7526430931 743620.677125074
366911.1768446739 551591.1492131747
25865.69753492851 459097.3438431305
615320.4698576168 925916.9548479363
113530.58507980351 657457.3817452916
625619.9463140082 286684.41543726675
351288.7006349448 247942.68594691827
393771.6314358167 378211.41884774633
84642.54332887345 980927.5672186966
637654.2630093622 376361.35940901947
862856.5631012389 715041.1965021336
525162.0098708707 369780.7893188986
514020.6337787456 672155.6984261392
864238.725229698 931524.7409835805
540357.9894061117 709222.2824649479
598191.0158586958 67695.55535104666
144877.1359700999 480370.9999991358
542134.1112967689 258718.10001883723
478053.28361839824 931552.5555339284
654720.1215352693 9508.783697833922
258680.51167747474 386768.99539524666
467955.2829142385 155883.6950641186
955835.9990617648 901778.8397942523
858058.1799237852 307094.5013292369
359595.8035651208 302778.88703362976
679666.4797080797 836920.5045247903
829239.3092411344 408364.56447672663
446405.67207985395 86050.42262454731
177452.93424634056 993475.4410482277
272215.1224796514 147370.32472830114
32253.41151324046 499958.3832219019
765368.6492279116 865557.7283883385
847134.5871342351 451024.13557542465
979548.294094173 344498.86530759744
215908.5259529615 457527.59208840854
689881.0285938034 198885.7114473863
910285.6623316782 774614.7825131074
967342.4820804928 564787.0533384769
939071.4953081046 723487.6792198642
190876.48849961557 45739.38802793032
65154.13492354183 277094.13984889153
752156.2693468431 798347.6938299284
41782.49559432712 347120.411537864
296473.4289583383 914346.864867412
39505.02868715344 706696.7760365845
5125.24855062757 679607.6696786635
57141.3276965328 951727.1776200719
338955.9045352295 63619.33194380909
873749.5526842487 717470.951010949
947833.2187612926 484022.43612189346
351794.3442818904 388467.2629155644
951768.8395537285 308461.0074051853
160803.0876846761 346117.4622018799
376297.4328698944 262033.9416707059
983543.5616177709 344854.0737646758
515864.1011167555 55170.42986580289
865373.3630330308 628704.1852163436
25126.282208300378 571670.8414682625
761808.5824111416 393998.50988113263
408076.35643860395 529659.6918798821
132611.07543295858 400363.9489746289
356512.20925524994 704257.8833842303
626709.1572203994 363755.17557343876
243793.17444289516 65837.09697730145
889850.3877293037 406154.88606191153
611910.5988702714 799765.1171571997
328770.93501817243 794966.1963396178
408981.3501795946 49964.09614952557
850812.6863105696 815838.4905760037
85982.24283346368 221229.91565913285
668288.1149831183 427338.08703688416
974977.6964574893 258729.77588731307
843185.700438017 86141.88740312766
294871.9821812259 454608.7468079916
784778.7780943927 378679.0362968864
794263.7914517871 600528.1877116718
693991.9920174936 151654.01140213085
280792.8961737999 16550.837587464117
500248.44668185344 532050.2820694296
635225.7740834815 70475.98208059026
702136.235662926 290621.70013541164
546095.7346704929 611440.7771203748
877535.3807231283 271629.65609937505
475494.1467107332 13823.64775609135
709304.4225829822 988350.3117475327
705287.1322423434 380938.1907282331
592598.676652192 335885.30037027266
132317.06839527568 537341.7061151258
110917.35252292256 250897.90619968422
921708.751471581 538364.7479628001
920784.6349413304 610309.1762066113
980360.162777067 92421.47282986635
853367.1756534446 633162.3774368512
486932.4281646924 986317.8865582009
688827.6017098585 562456.120176551
731144.9303947169 561048.3803932698
449978.7150753046 409618.8375959898
10278.529156309334 254802.10173291073
403117.1270511131 613668.9614724858
734355.511673251 20401.055469907336
587698.1314393892 672455.9982169742
251625.797689087 961655.6822549503
195008.3345503637 689373.2285598624
781441.3463642778 575743.8817676486
556663.1236837367 736712.7925564956
524304.0465327577 502527.32639804156
324650.596341971 980128.9682864238
78343.90425462557 567540.5864002372
924131.4323052571 656815.0528691177
366075.27522596973 878818.4971087446
225755.64910643396 759785.7258164345
515310.47114056314 980965.670716063
498214.58188395464 807510.791133071
21011.398019186723 78587.91767783591
206541.50051183463 639686.1439045081
582269.1328822095 202947.25104012512
960128.5514155575 688877.401428332
334805.6473020392 43878.04061991829
876510.8411663689 26316.90780099194
673839.7991616166 370141.6449556383
437286.16678805253 358432.53190050815
429869.7979638433 584332.9873995716
962654.2126757992 505717.6522664529
292332.52604343044 86118.23863656943
498851.96006544906 175719.13876462885
309741.8523418003 238619.23782596993
166111.622717394 342136.06023639353
996508.5889190484 433311.161690487
261286.32399671292 981707.0216547543
382519.5744627641 236154.46235883742
143571.0381536722 974054.4662697396
660804.5146552386 92344.83274464821
152077.7442887723 115730.31347208696
369726.7947784485 200488.75648816134
793729.909655733 67589.94231390602
256066.3512259894 813402.7813237599
379311.0216369837 159326.69618682572
252890.87238418363 922617.6605565569
471833.3774949466 386194.1754690395
280798.02119436435 205859.64785598044
633479.5237514504 638511.3254436641
213852.79980888704 668343.2452740794
315392.6306966598 888795.9804136448
766150.1602284913 578872.8252807348
546522.1074483233 598.7811738982218
226744.9153970902 146059.17245835
66706.23583543034 530770.1569218999
42064.29638223197 997092.1925807933
761549.1194404511 607677.9026081801
188666.25025250093 472098.0121955922
634139.8096791644 146340.94898480433
418156.7944033155 470097.199965543
329931.2623450691 426638.0697183998
370133.6232685948 458579.04532613244
911002.1007467728 783833.1023396422
730114.0559798182 971569.3160050876
907161.1093455057 568130.1735936309
3267.7170259449717 397236.1855571452
341994.5792389088 566260.5659763055
134390.83235254724 409373.70145110664
644876.4148636496 574965.3389512791
137520.81227686608 122291.28555943536
975999.0850738968 626817.2566815045
354455.414546618 813482.0441503836
442187.9571342302 242488.32154092248
644964.0726250435 64469.5600107501
936437.1522561695 66775.33397429058
819772.588111137 132668.7960735542
295750.4580673935 54190.071314516696
388709.33807970997 756050.8212674956
274534.7396169886 744163.2709077314
416262.25561360666 714686.6022561907
642863.7768219232 229574.3315798704
217428.51464349843 697240.4495103735
894541.1269447971 866093.1171475975
236493.43798057866 298097.4437561641
541340.3676816584 951554.7251284694
951343.6390906766 355623.33331371343
787926.1235275504 434353.7273718
333007.7957217443 745025.030622953
267809.83537242777 900213.0866856141
751730.9975273025 193675.5888946503
265066.8371146159 516220.3690023833
932582.8244766523 110100.19159818518
963644.1124861464 152534.7219256351
90007.8417589486 326107.1605556944
800790.2223134586 917380.1063749628
350793.0625476771 580644.7300733327
302524.0294555561 519266.26798717957
937049.1116661055 865660.6843650822
348941.07295818476 227177.53072327896
449562.9003118535 307775.317177039
671924.5414936198 826651.3254545185
338767.4539402944 682872.1319451964
493809.0105348465 792969.6766417912
793334.7388949319 509327.6460287879
446735.0730213107 851216.7718421123
268169.90942096885 44023.47062393153
6097.307037767785 186431.67936276217
573797.4967408313 206134.51604028643
211320.02205676792 389473.4784739142
196165.60361569113 727147.351470212
139775.20056779258 942080.3392348371
228436.64398723052 600241.3336402437
944318.8270660512 952867.2100699969
394511.9021548834 274547.8764930691
185708.44182766 354041.05562053534
916670.1833124246 848980.1542927289
6086.296978724315 24188.420963172084
790518.5101899109 116841.07974829327
983398.8543636247 486763.5138366
78690.37200542384 696071.0030429557
136165.5027100368 211414.09214080565
165438.41502200006 37575.54688635345
192967.92787182936 447104.45666901657
638425.3955586406 977366.9963491351
456368.4807960778 675864.8981878732
711237.7149071166 866624.9108111131
433301.4134777131 158381.8409626372
506857.31565034797 559329.8850560373
299653.92548635893 118012.8207839194
656912.3317097281 683066.3635042884
958588.0783332553 814655.9787916201
473154.8947444542 156403.0907399957
52708.65314403084 344020.1206563518
537010.8154948142 222985.96432299234
508978.8839382716 359024.7808991187
529951.1096060431 661058.5045834802
669832.5104882785 807847.0779076802
706000.9267777059 199100.8131254234
335501.1237650062 472051.4393698755
521.501632292476 536469.465456007
611027.2674263589 762593.4006808099
882255.3977830717 2076.526632357134
772595.9709100423 635696.7020869596
356831.7433554685 930177.025331682
7207.858852847804 993564.5581643239
