373918.8841460067 541014.5953814292
343473.2687054621 505887.0092073314
734092.7903874421 182026.3708795685
367618.9354058467 691104.6391300963
899007.5192756804 431227.93094995304
530289.004567355 867463.7353041128
803674.4322655058 196671.96443694225
492698.1789423103 710480.6006560152
757481.654599839 35932.8055192547
481710.16093126027 766639.0590214287
862143.4692516841 159394.26567643543
447260.55774966447 189112.00546128882
339283.3460119493 397173.254793206
146631.99230796786 829844.5253763357
173134.62363366128 918860.5714150104
616517.7951724215 557214.9333547105
763964.7937672057 809732.6286560978
894869.5258942306 752087.3915708154
592566.7782606042 61534.588078470566
314055.10005749913 384812.033551189
578057.6845795587 483375.1189337997
695673.2833767249 690686.7140375775
82456.80209961826 668892.5945179367
875456.2717574601 510702.9429365717
146806.04350316784 470976.7232070373
365281.9777414976 450203.6076058139
513502.98785285 541197.8120593819
58846.82155632781 458228.5718990341
608306.3671317605 912371.553261042
962830.3063172833 118152.53831661765
969470.5710627097 721024.3556253074
346074.3317470125 161650.35713303744
630506.581600767 277701.20787910954
55519.33496575623 686567.3866311938
11573.331440657974 740696.9333974753
305303.3168009124 953465.4609677657
38529.18937818451 865209.8301795298
861772.0941568735 859542.3272346924
89412.27458382217 657747.697531311
78863.38448142116 962211.4287124695
428716.2100521483 485960.7163680061
122033.2532075875 337249.17797068553
458496.84095431387 50830.12257912567
646865.9536286322 299845.8502485474
663663.5349718803 255221.82130705862
197461.76782499359 114139.52652348325
524868.4191846725 327584.46510614123
943028.4208196637 530284.9740544151
924203.8024065014 414731.4060691297
904656.7776545864 670020.7004137594
27930.925601772018 919069.798405618
761865.0295269196 679672.5694203222
274419.62260581 242577.27005742415
773577.8815905562 833194.684662734
508492.2979063297 402257.8409604207
632582.9925683717 911351.5232694842
326818.76366335806 896278.9010080826
71920.94836814655 130807.12202957878
632965.1383253632 939033.3211565443
214547.05166353862 49120.09671125206
998667.9373899607 962471.5744560007
494014.464034298 72805.85827341312
58017.77058973157 602492.611222395
622852.9480488439 594799.9578490691
1370.1688952653112 851014.9680540932
849178.8174554354 744055.5576310785
611091.7658562477 446238.24808728584
254363.63178940624 571701.0327784449
895901.8802129073 403727.92083003593
224874.12620745285 616695.5765283285
272649.0518923431 781770.1387547087
879731.18609295 66276.9096839132
251363.8198459096 8758.581215357664
405842.5691363893 21314.36354756011
351188.80433894316 594195.6239895887
876200.4468773312 29298.762160504753
217893.5933180306 439075.60651165067
600430.8294080289 931835.808788974
939091.4555740366 982304.5596266254
613035.592431784 685669.8998591185
844495.0322566613 169419.68948501474
752402.3104605848 415524.8115537854
684527.7401877325 735541.4825996032
61145.671933842124 402819.19957281055
533398.8503499925 119879.77101592229
808415.799894552 266619.2565748843
385213.10443941114 654453.4065673162
744088.3004241666 985790.5368849494
996243.4073624776 517566.9409229143
833238.6875827886 444505.454357637
31179.56456430271 427025.89807397564
218656.51287364328 221560.35736433277
230014.86372220825 579595.4386328926
195956.53921242873 989900.4997890575
772068.4649620466 398836.5977520516
948036.2957605055 334871.7141887879
162100.59085297267 441395.8193740742
176294.81481852193 963806.5877246617
336060.52605741663 7541.049757602503
381032.52229909546 463016.6558920733
440300.0197146355 951315.9061791378
174686.40225745845 74057.90017873804
734912.9273190437 852349.6212970057
79243.65826220636 93007.65293049818
285816.807334786 48811.24148467719
5670.794208456953 439100.8815862356
251939.89756416634 955205.3242471406
603155.2485682106 182250.1496529957
742678.5569501417 30400.459105773934
758772.8199239328 682923.3203274067
548892.303820132 33241.60089953976
323935.8049645865 590461.4768591883
160607.34448702107 107621.26855909382
575418.4966729848 355808.4278619532
381321.63984549086 795471.7655988946
371464.9844221648 486489.73314291146
574652.49469974 804546.9968022108
323631.2532523479 383730.9068647343
927832.6832901326 359455.32522642356
111524.6586378319 153299.00638026895
832412.6647918711 386059.0035936684
968023.4962615754 928953.598852808
472560.37102237926 84403.33433866687
322445.0754803344 886595.6366462433
797691.2320952263 395357.6077884673
269684.1973389832 79922.03649426643
297071.1536964774 41442.47311426941
106855.32231699246 60375.18559462163
775549.1333664787 145749.06609901617
424810.5402813947 430508.8859116198
738102.9189710972 477236.1225213705
812311.9097890005 914679.2546353773
772914.1971527684 842564.9406927963
966348.3525224798 35843.755508467744
511938.3574016652 745581.1639351889
813103.9424320185 939197.327003791
529225.2147231045 482002.0392778462
644052.7638476316 840248.6795724459
394070.860013358 225858.16127503398
19030.090421170655 440202.36492987076
998771.4458129506 725345.0575216999
101098.06612805805 349131.8443366568
943393.4528027135 625422.4279490848
288453.36061937996 862117.6918950626
619696.351375816 336920.8163309306
16390.970382676896 111317.76709278284
414715.7845988448 409851.7467994447
879756.5589173551 554261.1052351696
336629.83082855766 60719.424189713325
884497.0000007218 355493.019049457
152100.1861444684 733978.2140000775
359276.99061511864 45398.06167699323
929920.8794359019 609013.5986617467
454215.08652160125 115196.45904873332
346163.4801749525 550639.593015401
703740.5756361125 814681.9041749191
801387.4959507952 375998.39285694645
543726.7558016832 332868.8286286936
457685.2085591301 721022.6914631957
479938.6269295549 131632.28071468446
260434.65621959462 658585.7640088991
138712.1050658672 286110.3951567262
588604.5466024127 71459.49150246778
138089.88255244435 475957.8989278658
144569.47547356747 913688.0484489832
805380.4125349132 717916.0641878343
35131.35706998771 679522.7128908278
134162.48434049272 391200.9711069877
945746.0574096862 931875.9258195767
482536.37079826597 293006.3610320197
89661.3071432093 621148.2036366961
563189.4443787627 551737.6656204025
183471.778981119 544277.2906569246
802792.2670508649 322732.69314734865
648750.9004830734 467633.5823616522
333024.25099125266 45788.41304558501
417301.58588910225 467238.5638458382
283286.69845671597 856264.9991005822
45567.69966278085 318974.9679434701
734295.9280594769 275166.4296657564
450161.4662295691 662151.0565605961
549559.9336508266 642561.893569172
912505.2541653697 969988.403554834
233281.69158219147 769319.2552565812
776120.978185168 230619.4442436551
895119.5144485465 608848.2367510153
582092.8956009974 928510.4015511743
564797.5836651531 469895.3924000274
637511.2834800595 668435.0963305535
867670.1119625316 184257.80252816048
368562.3680395874 976949.752813228
516464.42537143413 479923.6535447832
656476.4711093063 807513.2735698782
445064.1742982978 629473.9572730667
179075.02094441495 231146.6752690444
419880.67277239315 842562.9933977617
100898.08815339884 283505.5126990811
282412.4423223673 795374.534606951
724519.4408113527 613024.5292436521
378624.143752446 318576.7741901961
153149.52208952437 669231.1434264883
324026.84774686483 396101.64334562793
456989.9873609199 668406.0535471566
867130.2138356327 905300.0799161392
462145.00413679105 552381.1957170792
826072.8314045707 304798.34142481553
415111.50849549164 50495.8027730712
631165.384772928 105895.21659627177
783569.2785333736 555103.1429472627
532002.5762425308 302460.4211175853
606231.6563553482 121794.60350855575
161480.14429278267 334232.9656339099
280383.91100958607 30676.564454513387
54815.90698349958 366279.053318037
999254.691950338 138920.9569755533
100524.82112509043 455556.7132910224
144199.09091121407 478848.57821203984
253659.52870448717 325886.8567614872
338590.67910386587 277364.19885818067
412879.8357654752 821094.7266093936
