570215.7075016904 585961.4593805753
570709.3504055403 913314.5236855338
258677.24036179495 231778.52340312654
120228.02779766716 654108.3782295126
153262.3908259001 11607.550518955122
58088.415400928905 615619.0424636392
943760.3757500548 331480.17819578736
590573.0071916244 332458.62359772547
908459.1265172181 838298.6647596671
413299.17449029454 57196.095200218064
160911.12302274458 960421.2415953326
28188.763322214207 650764.7051694449
9100.865546022518 844157.8782180957
682352.4889309824 839824.0935419765
809357.6304604927 822634.0901632119
332322.9685075688 98008.83934802929
553816.3685003021 216594.2730754874
639422.1971155389 51017.03575720029
270558.6465317007 509433.02291124273
713817.9844424888 276003.1433917166
414719.7606355035 58294.21115703959
184491.1520467758 766815.882307777
835279.7584360596 506968.7860012566
702058.0053153728 365768.3568652884
47186.97171326625 287672.22251206834
905150.8179808301 584673.4986562976
826370.6596717089 533896.3342078463
327892.79961176007 322042.2312005665
316834.82526141347 120360.82007781812
294325.4138513639 318265.9153727171
420748.94063888444 792340.2656364315
982888.6282981852 442833.5254897262
908523.0319924554 305973.5527765567
576633.2007538119 898461.521352658
131407.75737324206 12553.037741943495
840916.0595342197 43279.825226056004
182285.11263186263 660116.527739549
405679.89032600005 916238.2813015775
757263.8477671947 549925.0282714642
36903.528890767535 565946.5671610205
960014.0667662702 440964.99041994096
275211.0992283504 606985.6448395969
843445.4758771484 317381.3294846698
564730.6296084655 994439.0402676235
106580.49380768187 215281.55735040645
598089.1811734322 139814.0023045543
613021.9625012957 607419.9189032771
472106.837193222 914268.6727624049
536572.829579701 483633.5514400709
715852.9627131778 353291.0987045423
160795.92049994072 505878.7218429546
937382.7265557209 696696.4581828875
356459.9129306601 575131.0939291413
773375.1116677474 527954.4319534105
425062.86521803116 475067.01530260796
455450.9055084984 920982.6894321167
898997.2575952474 976396.6128994473
787311.9064861026 923636.3403981195
813326.6348367266 609739.389234654
788957.7469762854 502849.7144845111
673915.155503405 388768.4786009627
999276.9193967577 994857.940774191
799642.2984170141 980764.040906587
181943.39604193333 806693.8574942175
574163.4137225488 659009.0465886903
598736.0464835352 931916.4838064363
628252.9803687287 439351.9456283237
24616.42724612867 95336.25228212262
625098.4569480729 975001.4430455951
402061.882336762 540371.1119966595
983909.4934493479 948929.0277854239
784693.7585995521 398318.68491392233
699047.176124754 357975.09629925975
738455.151034256 135718.19431230982
834455.2422300795 232930.2412356159
226005.0085598455 719942.7163171959
813833.9053773308 215344.20379398944
454241.8401521229 585163.6757394549
94220.6236700569 456208.29348374857
50552.62798146298 893224.6523298976
70862.92552834984 439438.01146453264
922263.5079447768 444169.71036634245
847333.696730134 117574.47512553532
76906.16740227307 418486.37376183807
900266.4994467892 725701.2564179285
338156.2254510865 647840.600045494
479172.1705710836 128042.29559610791
809639.9528640185 434320.8655228897
840867.2511546506 937658.2498449583
290278.7814089809 722461.2262219127
889246.0446085102 808437.7296639835
882398.493263257 614647.1796785971
506299.71195975534 62454.198207621994
213486.38308888135 133509.31050352598
717272.6071555003 227666.8610582373
91236.0065902038 749385.1564995152
171491.92647356627 75196.0235571889
84653.7563906833 580179.6534810503
109827.7881656602 822011.2744135809
109638.79410099253 967220.5149657464
398756.34615060786 550130.1771288672
524463.9219291005 54641.82304335241
471252.88586533687 541171.9812707437
183981.71759431303 914405.5580997644
842999.0748648153 471370.6668158183
486075.69926959806 544104.9019671215
945541.7445736101 100241.53793406865
412755.3266084707 187795.08148945667
379164.0070513946 23702.92234788496
713783.6546730357 275530.6556305971
720623.8891627042 465372.57923878985
494194.39254477393 275075.68861387164
417997.2002106572 336761.96171699493
435319.807968889 290193.9404955475
503668.32392555405 919195.441961947
585775.5048476517 272025.45090402284
111861.06272666751 255246.09410111987
122530.90450244785 114335.17869114417
621810.1871116543 494049.28418017237
627286.9347711286 341287.1246557616
685407.1604991198 278745.99836763646
892854.6983774655 386554.50895290845
145580.7378829991 684182.5189173869
933058.9366977605 159321.4008881275
810134.4714529995 163242.62391245193
284981.6086520777 689705.1548997945
319817.04133044585 473320.05790543905
874778.5536209865 4954.472501983775
981124.5359127367 407463.2682700947
480887.52917928837 927919.2001341676
977983.3980922853 790134.1462680032
957161.6032662351 409672.013083313
910698.7653639953 271321.0265827023
66426.31083332362 889353.6189112052
227078.51199283169 405732.71470255614
362198.5598903978 538354.6100007267
401597.9251087486 857764.9786348519
599163.2192540489 764705.1868265121
80940.42293298997 709074.6728420703
886766.0976614148 284410.2892361159
421198.30754383234 39404.01221482437
351987.7993561317 972837.5618846344
951813.1082750256 653524.5955900159
287039.73211562494 516140.9053298432
234093.88187022085 725948.8288109972
177418.22891892877 857342.1787108091
523795.8941187012 461958.0928769424
148326.58903681196 608647.7949911057
848952.6490380116 11283.143254955387
837352.5727433381 899006.1701196765
560267.1550333849 373998.1128176114
681294.3156419506 996843.6739285496
143766.8073723085 229514.35746882187
442034.0460592872 260346.10757795486
893754.8233367282 197530.84528411235
811532.2235508274 683905.274105494
395284.6974562819 734029.3268556752
918664.6411651087 868356.3487702195
505587.6002594386 723086.9142964955
699394.6285685742 125512.76790283472
663119.9301108619 487059.2733505783
255189.72675602636 915341.1228852397
410352.95914934366 76531.74366664395
58936.324985767285 515447.38632640144
845495.0687349588 963226.4531742877
144492.80829123023 20920.174999665585
787247.537303699 646607.2613399365
576749.6126640411 661670.18204155
822122.0874497363 962295.4639856296
630599.0655851085 913268.9516323893
260021.50806873335 647890.1544740627
54920.36588150328 926831.764214201
484379.21217347455 319440.4290501638
562636.1607846346 479858.9072115611
560294.1223308556 920274.2763687992
438636.22353873454 837610.2718532385
603432.1465481049 390839.22957292415
317376.62801229494 381560.0517329041
218692.38577395334 69558.45983689834
282765.63346986606 477838.9364948196
554762.0803310536 500590.44210689206
490069.3632853453 598105.0724968312
293994.03297522553 756206.672004955
811593.5549249378 458161.8108696457
283140.46092184854 273632.59662081
417400.1943062572 696596.1334823237
372064.19056336494 945972.6770851021
252299.99329139164 524936.7817415008
320935.68475070334 672591.6844284136
644640.867930266 9590.725501473773
321004.5105335776 943139.7902277779
1897.9422540194025 185638.31113483963
540152.1803748098 402276.7760738476
96537.6569621108 878795.075762497
897393.0963156593 659666.9817720118
126422.97366010747 690883.8814961632
243636.5152200677 340167.17696099076
584632.5758787369 12065.782855685047
273142.8492231054 196646.53019121924
947316.3340993747 483704.70194455184
834111.2393025463 546575.7143143646
236777.38177787024 888691.7151878406
333680.7441915763 386061.1822484954
614141.8739010157 642396.5201320187
18305.416334889134 564620.5922889487
576233.3003783124 47347.744426599835
263316.5184545394 642645.3681889385
899733.5404038941 572111.1411885557
394029.54182982317 882630.8995634284
950071.3478214854 869907.821326419
464981.5832953497 837571.1375359364
382266.1803298962 893786.8686935132
475728.23106166354 592172.927616926
870871.7662841972 528952.9176017941
363241.8423584788 337127.9283133439
19495.07065632583 405733.01001793507
851045.8658384609 943016.5896804082
58443.414677856745 577307.0740005246
23426.29866819823 746272.8458751763
946183.9791097342 874845.1421763414
772955.9255978306 6493.047362539528
467004.8298181969 5588.081597085237
908466.9086559538 199691.7809680415
378890.13236404076 909987.7725459769
447916.3689024197 837120.5057926008
765674.5665903128 384087.383768277
877162.6877152079 709000.9200825414
358350.82301499 306333.2577476836
812960.6843291844 522645.8745788747
264371.39967032266 379006.86307038955
62496.09191019112 802052.5198661734
553626.5882445661 908500.6099908564
568259.3539429153 562188.4927409308
616318.5118930098 378351.8836041524
925734.7711683371 446126.0665213772
569808.3954317819 215409.50627200017
895932.2468921356 415939.9256826878
204427.2894768644 300688.3463304525
732242.3924257988 246138.18491132645
978054.4936181984 713331.2508409212
751333.7533371259 326519.6051611412
627974.2844400794 34948.30883420974
52240.42591473676 75383.32170341299
880787.9765672879 412702.93576304027
671484.5076223515 471701.85133874556
400725.79393900663 740949.0725517478
92089.51192090519 168496.08420191365
946340.0843064982 862347.229251972
962932.3042330953 186510.2702430582
254968.36916276565 491321.33340995223
