247069861
462563656
687786675
867680964
317647346
1930094754
736017399
1360360706
1746428963
1679351803
1311256932
847223533
618551734
428284809
1710782419
964426929
285785724
237835579
1395781549
1384252396
1267703805
963502687
805812099
1753627691
1065507238
1347861582
439984811
1725509459
1732339826
1844820446
830418805
1979409687
159900454
1518205480
699607003
477547800
1300816586
1435624402
1837908506
899761901
967492558
1001681790
1746985434
1586044292
1429966600
1310284205
402987573
1715752324
1548119785
1798769122
952521072
668339942
614788162
1758333171
274483986
1680295400
958711105
714468797
1258321211
543567283
411805595
2088740016
375493322
571706049
1459461848
1075100326
1049253849
612794787
363241080
739678708
1512556688
1330733638
1741360498
1112058475
769294282
1023843450
274859032
1172281855
592112127
1822978817
823567330
1544633199
343835112
1438355492
1155482723
618319098
971167244
2114193828
1332787895
82004808
510277464
1744593490
23261176
885770786
168815891
1482723025
1960871112
1218069740
2095517812
176628545
1957748448
1460590852
1507362183
1551625299
425165679
129172818
427985101
700024712
1301454673
1020097228
375519881
2125022003
417246780
719354993
1415893847
1572729503
1337674091
239577444
1539439683
522978338
321582252
2049717147
120088180
344843428
788004286
288904071
1827566453
601391750
1506973812
1775600617
778020295
1317238612
1088707822
137898831
721380263
1513873501
267071649
1149365365
66414565
1568526322
21978945
441934447
1546064678
439225725
1161289440
814474877
2011955228
351479884
1054052321
1403911264
874458222
1375634573
1306144763
994546403
1720478002
2094149049
1283450474
1400560807
548057152
642940638
1028677777
1326077447
1960179251
2117385599
1463976278
534075866
1483775452
1731047927
1683441231
1550190018
1152090602
1705420177
1992124465
550671632
2144645902
1005930257
1365146509
2009117483
1357410141
271715183
1265545099
84384716
1647349756
424206214
1078931119
1220344110
370871616
214897945
473421270
918928768
857838584
1502099047
97522567
670534187
1472000998
1561498846
1204610053
808292802
1145063125
740567637
